13 0.134375 0.80546875 0.05859375 0.08203125
8 0.28984375 0.81015625 0.053125 0.084375
6 0.4421875 0.8109375 0.05078125 0.0859375
13 0.0609375 0.4578125 0.05546875 0.09140625
7 0.165625 0.46015625 0.04921875 0.08046875
11 0.409375 0.46015625 0.05390625 0.0890625
7 0.515625 0.4640625 0.0515625 0.08125
7 0.6234375 0.46953125 0.05390625 0.078125
12 0.72578125 0.46640625 0.0609375 0.0765625
12 0.83671875 0.4640625 0.04296875 0.08125
4 0.9421875 0.4671875 0.059375 0.0859375
11 0.10234375 0.1171875 0.0578125 0.0890625
10 0.23515625 0.1171875 0.05859375 0.08671875
10 0.1703125 0.08828125 0.00234375 0.00234375
11 0.34609375 0.11953125 0.05625 0.08671875
6 0.47734375 0.1203125 0.06328125 0.0890625