8 0.50078125 0.76328125 0.028125 0.0734375
12 0.5953125 0.76328125 0.03125 0.0703125
12 0.6609375 0.76171875 0.02890625 0.0734375
7 0.0359375 0.42890625 0.02890625 0.06953125
13 0.10078125 0.4265625 0.02734375 0.0703125
12 0.16640625 0.42578125 0.02890625 0.0796875
12 0.23046875 0.42734375 0.028125 0.07109375
6 0.29609375 0.42734375 0.028125 0.07734375
4 0.3625 0.43125 0.0359375 0.08203125
7 0.42734375 0.42890625 0.02734375 0.07734375
6 0.5765625 0.43046875 0.02734375 0.07421875
12 0.640625 0.42890625 0.03359375 0.07421875
12 0.70546875 0.42734375 0.0265625 0.07890625
13 0.7703125 0.42578125 0.03203125 0.07421875
13 0.8359375 0.42890625 0.025 0.06953125
13 0.90078125 0.42734375 0.028125 0.0734375
13 0.96484375 0.4296875 0.0265625 0.06953125
11 0.38671875 0.0984375 0.0328125 0.08203125
4 0.4671875 0.09765625 0.03125 0.0828125
5 0.53671875 0.09921875 0.0328125 0.0828125
4 0.61640625 0.0984375 0.0359375 0.08203125