12 0.60625 0.8921875 0.02421875 0.05
13 0.5390625 0.6609375 0.02421875 0.05
8 0.60546875 0.659375 0.0234375 0.0515625
12 0.671875 0.659375 0.02109375 0.0484375
11 0.05 0.4375 0.02734375 0.0546875
13 0.09453125 0.4359375 0.02109375 0.04609375
13 0.14140625 0.434375 0.021875 0.05
11 0.1875 0.43671875 0.0265625 0.053125
13 0.23203125 0.43671875 0.02265625 0.0546875
13 0.278125 0.43515625 0.02109375 0.04765625
11 0.3234375 0.4359375 0.02109375 0.05
12 0.36953125 0.43515625 0.02265625 0.0515625
12 0.4140625 0.43515625 0.02265625 0.053125
6 0.46015625 0.43515625 0.02734375 0.05859375
12 0.50625 0.43515625 0.0234375 0.05703125
11 0.55234375 0.43515625 0.0234375 0.0484375
12 0.6578125 0.43515625 0.02265625 0.05
12 0.703125 0.43515625 0.02265625 0.05703125
12 0.75 0.43359375 0.02265625 0.06015625
12 0.7953125 0.43515625 0.02421875 0.05
12 0.840625 0.4328125 0.0265625 0.06328125
13 0.8875 0.4359375 0.02109375 0.0484375
13 0.93125 0.43515625 0.0234375 0.0484375
5 0.52578125 0.21484375 0.02578125 0.0546875
4 0.58203125 0.215625 0.025 0.0546875
11 0.63046875 0.215625 0.02421875 0.0546875
4 0.68671875 0.21484375 0.0234375 0.0546875