13 0.44140625 0.91328125 0.06640625 0.0609375
12 0.5984375 0.915625 0.07109375 0.0609375
13 0.134375 0.62734375 0.0671875 0.0578125
13 0.29296875 0.628125 0.07890625 0.06171875
9 0.521875 0.6265625 0.07109375 0.059375
12 0.75234375 0.625 0.07421875 0.05859375
7 0.340625 0.353125 0.06796875 0.05546875
12 0.70234375 0.35546875 0.0703125 0.0609375
11 0.24609375 0.0828125 0.0796875 0.065625
10 0.44140625 0.08359375 0.08515625 0.0671875
11 0.6078125 0.08203125 0.0828125 0.065625
10 0.80234375 0.08203125 0.084375 0.06640625