7 0.2578125 0.8859375 0.0765625 0.0609375
13 0.41015625 0.8890625 0.06640625 0.05390625
6 0.5671875 0.88984375 0.07109375 0.05546875
7 0.18671875 0.60390625 0.08125 0.05625
9 0.4125 0.60390625 0.0640625 0.05859375
12 0.6359375 0.60390625 0.08046875 0.05625
11 0.23671875 0.33515625 0.07578125 0.065625
6 0.59296875 0.33671875 0.0796875 0.05625
10 0.7453125 0.3359375 0.075 0.06484375
10 0.90078125 0.3359375 0.08046875 0.06484375
11 0.1390625 0.06796875 0.0828125 0.065625
10 0.33125 0.06640625 0.0765625 0.06953125
11 0.4921875 0.06484375 0.07578125 0.0671875
10 0.6859375 0.06640625 0.0765625 0.06953125