9 0.3453125 0.77421875 0.025 0.05859375
12 0.434375 0.77421875 0.02578125 0.05859375
7 0.059375 0.63046875 0.03046875 0.0640625
7 0.0578125 0.42578125 0.03046875 0.05703125
6 0.11953125 0.42578125 0.03046875 0.059375
6 0.18125 0.4265625 0.028125 0.06484375
5 0.24375 0.42734375 0.0328125 0.06484375
6 0.38515625 0.4265625 0.03046875 0.06640625
11 0.44609375 0.428125 0.03046875 0.06953125
11 0.50859375 0.428125 0.03125 0.0671875
13 0.56953125 0.42421875 0.02578125 0.06328125
4 0.63203125 0.428125 0.03046875 0.06875
12 0.69375 0.42578125 0.02890625 0.0609375
10 0.75546875 0.428125 0.03046875 0.06640625
10 0.8171875 0.428125 0.03203125 0.0671875
12 0.87734375 0.42421875 0.02734375 0.06484375
12 0.9390625 0.42421875 0.03125 0.06875
11 0.20625 0.153125 0.03046875 0.06640625
10 0.28046875 0.15390625 0.03203125 0.0671875
11 0.34609375 0.153125 0.03203125 0.0671875
10 0.4234375 0.153125 0.03359375 0.06640625