3 0.7484375 0.834375 0.0390625 0.0640625
12 0.871875 0.83359375 0.053125 0.07109375
12 0.846875 0.5359375 0.04765625 0.06875
7 0.6515625 0.53515625 0.040625 0.07421875
11 0.56796875 0.5375 0.05703125 0.07578125
10 0.4828125 0.5375 0.053125 0.07421875
12 0.396875 0.5359375 0.04453125 0.0609375
10 0.31328125 0.53671875 0.0671875 0.0734375
11 0.22890625 0.5375 0.05859375 0.07421875
10 0.14375 0.5359375 0.05703125 0.07421875
10 0.0578125 0.5375 0.04921875 0.07421875
11 0.60078125 0.240625 0.046875 0.071875
10 0.7046875 0.240625 0.0453125 0.071875
11 0.7953125 0.240625 0.05078125 0.0734375
10 0.89921875 0.240625 0.04765625 0.06953125