13 0.44375 0.825 0.02265625 0.046875
13 0.49140625 0.825 0.0234375 0.04921875
11 0.39921875 0.57578125 0.021875 0.059375
8 0.46796875 0.575 0.02265625 0.0515625
6 0.5375 0.575 0.025 0.05546875
10 0.03359375 0.3359375 0.025 0.059375
10 0.08125 0.3359375 0.025 0.05859375
6 0.12890625 0.33515625 0.025 0.0515625
12 0.175 0.33515625 0.0265625 0.05546875
5 0.22421875 0.3359375 0.02421875 0.059375
13 0.27109375 0.334375 0.02109375 0.053125
13 0.31875 0.33671875 0.02734375 0.04921875
13 0.36640625 0.33203125 0.02734375 0.0609375
7 0.41328125 0.334375 0.02421875 0.0515625
6 0.52265625 0.33515625 0.02109375 0.0515625
10 0.57109375 0.33671875 0.0234375 0.059375
6 0.61875 0.33515625 0.0234375 0.0515625
13 0.665625 0.334375 0.02578125 0.059375
11 0.71328125 0.3375 0.0234375 0.059375
13 0.7609375 0.3328125 0.02734375 0.05546875
13 0.80703125 0.33203125 0.02109375 0.04921875
13 0.85703125 0.33359375 0.025 0.0546875
13 0.90234375 0.3328125 0.025 0.05859375
7 0.95078125 0.334375 0.0265625 0.053125
11 0.384375 0.0984375 0.021875 0.05859375
10 0.44296875 0.0984375 0.025 0.0609375
10 0.49375 0.09765625 0.025 0.05703125
10 0.553125 0.0984375 0.02578125 0.05859375