12 0.52421875 0.9109375 0.05546875 0.0671875
12 0.64453125 0.91171875 0.0546875 0.06171875
13 0.28828125 0.6203125 0.06640625 0.065625
13 0.40703125 0.6171875 0.06171875 0.05546875
9 0.58515625 0.61796875 0.05859375 0.0578125
12 0.759375 0.6171875 0.06015625 0.05859375
11 0.0859375 0.34140625 0.0625 0.071875
11 0.2046875 0.34140625 0.06015625 0.06875
11 0.32578125 0.34140625 0.06328125 0.06953125
7 0.44609375 0.3390625 0.0484375 0.05859375
6 0.7265625 0.340625 0.0671875 0.06171875
13 0.36875 0.0609375 0.06796875 0.0640625
10 0.521875 0.06328125 0.06484375 0.06953125
11 0.65078125 0.06328125 0.0625 0.06875
10 0.80078125 0.06328125 0.0640625 0.06796875