13 0.56796875 0.90390625 0.0421875 0.0578125
6 0.675 0.90234375 0.0484375 0.0609375
7 0.46640625 0.61640625 0.0484375 0.059375
8 0.62265625 0.6140625 0.053125 0.06484375
6 0.77734375 0.61171875 0.053125 0.0625
6 0.88359375 0.609375 0.05234375 0.0640625
10 0.06875 0.340625 0.05703125 0.06953125
12 0.175 0.3421875 0.053125 0.06171875
4 0.28359375 0.34296875 0.05390625 0.06875
11 0.3921875 0.34140625 0.05390625 0.0703125
7 0.49921875 0.340625 0.04921875 0.0609375
6 0.7453125 0.340625 0.04765625 0.06171875
13 0.85234375 0.3375 0.0453125 0.06953125
11 0.43125 0.06953125 0.05625 0.0703125
10 0.5640625 0.0671875 0.053125 0.065625
11 0.6796875 0.06875 0.05234375 0.06875
10 0.81328125 0.06875 0.05234375 0.0671875