13 0.50703125 0.92734375 0.0734375 0.0578125
13 0.1359375 0.634375 0.0734375 0.05546875
13 0.284375 0.634375 0.0671875 0.0578125
9 0.50625 0.63515625 0.059375 0.05859375
12 0.72890625 0.6328125 0.0796875 0.06171875
11 0.1796875 0.3546875 0.07578125 0.06875
11 0.33515625 0.35546875 0.08671875 0.06875
6 0.6828125 0.35546875 0.08359375 0.06171875
11 0.2390625 0.07734375 0.07578125 0.06875
10 0.42578125 0.078125 0.07109375 0.0671875
11 0.58984375 0.07734375 0.07578125 0.06796875
10 0.775 0.078125 0.090625 0.0703125