13 0.45625 0.92421875 0.05703125 0.0640625
13 0.5921875 0.921875 0.0515625 0.059375
13 0.059375 0.6296875 0.059375 0.059375
13 0.196875 0.63046875 0.06015625 0.06328125
13 0.3296875 0.63046875 0.06484375 0.0578125
8 0.52578125 0.63125 0.06953125 0.06328125
12 0.72109375 0.63203125 0.0625 0.0671875
12 0.8578125 0.63046875 0.0671875 0.0625
5 0.375 0.35234375 0.075 0.06875
4 0.68125 0.35078125 0.07890625 0.06875
11 0.29140625 0.07265625 0.06953125 0.06796875
10 0.4578125 0.0734375 0.0671875 0.0703125
11 0.6015625 0.0734375 0.065625 0.0703125
11 0.765625 0.07421875 0.071875 0.0703125