13 0.38671875 0.896875 0.046875 0.0578125
13 0.49375 0.8953125 0.0390625 0.053125
13 0.06484375 0.60625 0.04609375 0.05703125
13 0.171875 0.60703125 0.046875 0.0546875
13 0.2796875 0.60703125 0.0453125 0.05546875
8 0.4390625 0.6109375 0.05 0.06015625
10 0.59921875 0.609375 0.05703125 0.06796875
12 0.70546875 0.609375 0.0515625 0.05703125
12 0.8171875 0.61171875 0.0546875 0.0609375
12 0.9265625 0.609375 0.04765625 0.05859375
5 0.315625 0.33671875 0.053125 0.0671875
4 0.5671875 0.33828125 0.0609375 0.06484375
11 0.2484375 0.0671875 0.05859375 0.0671875
10 0.38203125 0.0671875 0.05703125 0.06640625
11 0.496875 0.06640625 0.053125 0.06640625
10 0.63359375 0.0671875 0.05703125 0.06796875