13 0.68125 0.85078125 0.025 0.05390625
13 0.74375 0.8515625 0.0265625 0.0515625
13 0.56015625 0.6015625 0.02734375 0.05234375
13 0.6234375 0.6 0.025 0.0515625
8 0.71171875 0.60078125 0.0296875 0.053125
12 0.8015625 0.5984375 0.02734375 0.05859375
13 0.0234375 0.36171875 0.025 0.05
11 0.08671875 0.3640625 0.0328125 0.06015625
13 0.14609375 0.36171875 0.02421875 0.05
12 0.20859375 0.36171875 0.02890625 0.05703125
12 0.27109375 0.3625 0.02890625 0.05859375
12 0.33203125 0.36015625 0.0296875 0.05703125
12 0.39375 0.3609375 0.025 0.0578125
12 0.4546875 0.3625 0.0265625 0.059375
12 0.51875 0.36015625 0.0265625 0.0625
12 0.57890625 0.3625 0.0296875 0.059375
7 0.640625 0.3609375 0.0265625 0.0515625
12 0.7828125 0.3640625 0.034375 0.0515625
13 0.8453125 0.3625 0.0296875 0.05234375
11 0.909375 0.3640625 0.03828125 0.0578125
12 0.96796875 0.36171875 0.0328125 0.0578125
11 0.60390625 0.12734375 0.0328125 0.059375
4 0.68046875 0.12734375 0.0328125 0.06015625
11 0.74609375 0.1265625 0.03203125 0.059375
10 0.821875 0.12578125 0.0328125 0.05859375