13 0.4453125 0.91015625 0.034375 0.05546875
13 0.528125 0.91171875 0.040625 0.0515625
13 0.3703125 0.63671875 0.03828125 0.05625
8 0.4875 0.634375 0.03515625 0.06171875
12 0.60703125 0.634375 0.03984375 0.0578125
12 0.68828125 0.6375 0.0421875 0.0578125
6 0.77109375 0.6375 0.04296875 0.05703125
11 0.06875 0.378125 0.046875 0.065625
13 0.1484375 0.375 0.03828125 0.05390625
10 0.23125 0.3765625 0.04296875 0.06171875
12 0.31328125 0.37109375 0.0375 0.065625
5 0.39296875 0.3765625 0.04296875 0.0625
4 0.584375 0.3765625 0.04765625 0.06484375
13 0.66171875 0.36875 0.03984375 0.06484375
12 0.74296875 0.3734375 0.04375 0.0640625
4 0.828125 0.3765625 0.04140625 0.065625
12 0.9078125 0.37421875 0.0375 0.06484375
11 0.34453125 0.115625 0.04140625 0.06484375
10 0.44453125 0.11640625 0.04140625 0.065625
11 0.53125 0.115625 0.0390625 0.0640625
10 0.6328125 0.1171875 0.04296875 0.0640625