11 0.0578125 0.771875 0.03515625 0.07109375
13 0.1328125 0.771875 0.0328125 0.06484375
13 0.2109375 0.76875 0.03828125 0.07109375
7 0.284375 0.7703125 0.03125 0.07109375
11 0.36328125 0.77265625 0.03828125 0.07578125
9 0.471875 0.77109375 0.0359375 0.06484375
12 0.57890625 0.76640625 0.0375 0.0765625
12 0.65625 0.77109375 0.0375 0.07109375
12 0.73125 0.76640625 0.03359375 0.078125
12 0.80625 0.7703125 0.03984375 0.07109375
10 0.309375 0.46953125 0.0375 0.0765625
5 0.384375 0.4703125 0.03984375 0.075
4 0.55859375 0.46875 0.040625 0.075
10 0.63515625 0.46796875 0.03984375 0.0765625
10 0.709375 0.46796875 0.03515625 0.075
10 0.7859375 0.46875 0.03828125 0.0734375
11 0.86171875 0.46875 0.0390625 0.0765625
11 0.93671875 0.46875 0.03671875 0.0765625
11 0.3375 0.16484375 0.0375 0.075
10 0.43203125 0.16484375 0.0359375 0.075
11 0.5109375 0.165625 0.03828125 0.0765625
10 0.60703125 0.16484375 0.03828125 0.0734375