12 0.26328125 0.83671875 0.0265625 0.05234375
12 0.321875 0.83828125 0.025 0.05078125
13 0.1515625 0.584375 0.02265625 0.05390625
13 0.20859375 0.58515625 0.025 0.05234375
8 0.2921875 0.58359375 0.0234375 0.05390625
13 0.0546875 0.34140625 0.0265625 0.0578125
12 0.1125 0.34296875 0.03359375 0.0546875
12 0.1703125 0.34140625 0.0296875 0.05859375
7 0.225 0.33828125 0.025 0.06171875
6 0.3578125 0.34375 0.0265625 0.05625
10 0.4171875 0.34296875 0.03203125 0.0578125
10 0.4734375 0.34453125 0.03203125 0.0578125
11 0.5296875 0.34296875 0.028125 0.05859375
11 0.5875 0.34453125 0.0296875 0.0578125
10 0.64453125 0.34375 0.02890625 0.0578125
12 0.70234375 0.34375 0.0265625 0.0578125
12 0.759375 0.34296875 0.02265625 0.06015625
12 0.81640625 0.33984375 0.0265625 0.06171875
7 0.8734375 0.34296875 0.0234375 0.05859375
7 0.190625 0.0984375 0.025 0.0546875
10 0.2625 0.1015625 0.02734375 0.06015625
11 0.32421875 0.103125 0.02734375 0.05859375
10 0.39375 0.10390625 0.0265625 0.05859375