12 0.55390625 0.88828125 0.053125 0.0609375
12 0.68515625 0.890625 0.05234375 0.05625
9 0.61953125 0.61328125 0.05078125 0.05703125
12 0.80546875 0.61171875 0.05703125 0.05703125
11 0.0890625 0.35 0.06640625 0.06640625
11 0.21796875 0.3484375 0.06484375 0.06328125
10 0.34453125 0.3484375 0.0671875 0.0640625
5 0.47109375 0.34921875 0.06015625 0.06484375
10 0.76953125 0.34921875 0.0703125 0.065625
11 0.3921875 0.08515625 0.0625 0.0640625
10 0.55234375 0.084375 0.06484375 0.06640625
11 0.6859375 0.08515625 0.06015625 0.06640625
10 0.8453125 0.08515625 0.0609375 0.065625