12 0.21875 0.90859375 0.0515625 0.06015625
12 0.32109375 0.9109375 0.05703125 0.05859375
13 0.1203125 0.61875 0.05703125 0.0640625
9 0.26953125 0.61953125 0.05703125 0.059375
4 0.41796875 0.6203125 0.0546875 0.065625
6 0.3859375 0.3453125 0.05078125 0.059375
5 0.48984375 0.3453125 0.05546875 0.06875
10 0.59453125 0.34765625 0.05234375 0.06953125
7 0.696875 0.34765625 0.05703125 0.059375
12 0.7984375 0.3421875 0.06796875 0.07265625
6 0.9046875 0.3421875 0.0609375 0.06875
13 0.084375 0.07109375 0.0625 0.06171875
12 0.21328125 0.06875 0.05859375 0.0671875
5 0.325 0.071875 0.05859375 0.06875
4 0.453125 0.07265625 0.06328125 0.0671875