13 0.20703125 0.771875 0.03828125 0.06875
9 0.3296875 0.7703125 0.03203125 0.06640625
12 0.45390625 0.771875 0.03828125 0.075
11 0.06484375 0.428125 0.04375 0.084375
11 0.15 0.428125 0.04765625 0.08515625
4 0.2328125 0.42890625 0.0421875 0.0875
6 0.428125 0.428125 0.04609375 0.0765625
11 0.51484375 0.42890625 0.0421875 0.0859375
6 0.5984375 0.4265625 0.034375 0.071875
10 0.68359375 0.428125 0.04140625 0.0875
12 0.7671875 0.42734375 0.034375 0.07734375
12 0.853125 0.4265625 0.03984375 0.06875
6 0.93515625 0.425 0.0375 0.07890625
11 0.18046875 0.084375 0.03984375 0.084375
4 0.28671875 0.0859375 0.04375 0.0859375
11 0.3765625 0.084375 0.040625 0.08515625
10 0.48125 0.084375 0.03984375 0.08515625