13 0.51953125 0.853125 0.04296875 0.071875
9 0.6609375 0.8546875 0.040625 0.07421875
12 0.8 0.85234375 0.04921875 0.0796875
6 0.0671875 0.5046875 0.05234375 0.071875
12 0.16484375 0.5046875 0.06015625 0.0734375
12 0.25859375 0.5078125 0.04765625 0.08203125
12 0.35625 0.50859375 0.0453125 0.0734375
7 0.45234375 0.5046875 0.04765625 0.0703125
7 0.5484375 0.5046875 0.04375 0.07109375
6 0.771875 0.5046875 0.04765625 0.078125
12 0.8671875 0.50703125 0.04375 0.07109375
5 0.48984375 0.1578125 0.04921875 0.0859375
4 0.60859375 0.15859375 0.05234375 0.08984375
11 0.71171875 0.1578125 0.0484375 0.0859375
10 0.83203125 0.1578125 0.0546875 0.08671875