13 0.5015625 0.78671875 0.0359375 0.075
8 0.61875 0.78671875 0.03515625 0.075
12 0.73671875 0.78828125 0.03671875 0.0734375
12 0.0421875 0.44921875 0.03515625 0.08046875
12 0.12265625 0.45234375 0.0375 0.0734375
10 0.20546875 0.45234375 0.04375 0.08046875
12 0.28359375 0.44921875 0.0375 0.0796875
12 0.3640625 0.44921875 0.03828125 0.0828125
12 0.44453125 0.45234375 0.03515625 0.0796875
7 0.5234375 0.44765625 0.03359375 0.071875
6 0.71171875 0.453125 0.0359375 0.07421875
13 0.790625 0.44921875 0.034375 0.075
13 0.8734375 0.45078125 0.0375 0.07734375
13 0.9515625 0.44765625 0.0359375 0.07734375
11 0.478125 0.11640625 0.0453125 0.08359375
6 0.57578125 0.11484375 0.0375 0.075
11 0.6609375 0.115625 0.040625 0.08359375
4 0.7625 0.115625 0.04296875 0.08125