13 0.42734375 0.8078125 0.03203125 0.0546875
12 0.49765625 0.80703125 0.03046875 0.05546875
12 0.56875 0.809375 0.03359375 0.05234375
13 0.325 0.55859375 0.03203125 0.05546875
7 0.39453125 0.5578125 0.03359375 0.05078125
8 0.49921875 0.55703125 0.03515625 0.05390625
12 0.6 0.55859375 0.03671875 0.05234375
12 0.671875 0.55546875 0.03046875 0.0546875
10 0.065625 0.32109375 0.03671875 0.05703125
10 0.13515625 0.3203125 0.03671875 0.05859375
10 0.20703125 0.32109375 0.0375 0.059375
13 0.27578125 0.31796875 0.028125 0.05390625
13 0.3453125 0.31953125 0.03125 0.05390625
5 0.41796875 0.3203125 0.03515625 0.05703125
12 0.5765625 0.3171875 0.0359375 0.059375
10 0.65078125 0.32109375 0.03671875 0.05859375
12 0.72109375 0.31875 0.0359375 0.0546875
12 0.78984375 0.31875 0.0328125 0.05546875
12 0.86015625 0.31796875 0.03984375 0.05390625
13 0.93125 0.31953125 0.03203125 0.05234375
11 0.37421875 0.084375 0.034375 0.05859375
10 0.4609375 0.084375 0.03515625 0.059375
11 0.5359375 0.0828125 0.0359375 0.05859375
10 0.621875 0.0828125 0.03515625 0.05703125