13 0.2296875 0.8234375 0.021875 0.05078125
7 0.28046875 0.82109375 0.0203125 0.04921875
13 0.18125 0.5765625 0.02265625 0.05078125
12 0.3296875 0.57421875 0.025 0.04921875
8 0.2546875 0.57421875 0.02265625 0.04921875
11 0.04296875 0.33984375 0.0265625 0.0609375
11 0.09375 0.340625 0.02890625 0.0609375
10 0.1453125 0.340625 0.028125 0.05859375
11 0.196875 0.340625 0.0296875 0.06015625
12 0.31484375 0.340625 0.0234375 0.05234375
13 0.36484375 0.3359375 0.02265625 0.05703125
11 0.4171875 0.34140625 0.0265625 0.0578125
13 0.46875 0.3375 0.02265625 0.0546875
13 0.51953125 0.33671875 0.02421875 0.05703125
7 0.5703125 0.3359375 0.025 0.0515625
11 0.62265625 0.33984375 0.02734375 0.05859375
13 0.67421875 0.33828125 0.025 0.0515625
13 0.72578125 0.34140625 0.021875 0.0515625
13 0.77734375 0.340625 0.0265625 0.0546875
10 0.8296875 0.340625 0.025 0.0578125
12 0.88046875 0.3390625 0.025 0.0546875
12 0.93125 0.3375 0.0234375 0.0546875
11 0.1640625 0.10546875 0.028125 0.0609375
10 0.2296875 0.10625 0.02890625 0.0578125
11 0.2828125 0.10546875 0.0265625 0.0578125
10 0.34765625 0.10625 0.02734375 0.06015625