13 0.14140625 0.88984375 0.0265625 0.05625
13 0.2 0.890625 0.0234375 0.0515625
13 0.0859375 0.6265625 0.02421875 0.05546875
8 0.16953125 0.62578125 0.0265625 0.05546875
12 0.25546875 0.62421875 0.02890625 0.05703125
12 0.31484375 0.62578125 0.025 0.053125
13 0.10234375 0.37421875 0.0265625 0.05703125
4 0.2390625 0.37578125 0.03125 0.06171875
11 0.2984375 0.37578125 0.03203125 0.06171875
13 0.35546875 0.375 0.0265625 0.05703125
13 0.41484375 0.3734375 0.02421875 0.05859375
13 0.471875 0.37109375 0.02890625 0.05703125
12 0.53046875 0.371875 0.028125 0.06015625
12 0.590625 0.37265625 0.028125 0.059375
12 0.65 0.37421875 0.0265625 0.06171875
4 0.70859375 0.37578125 0.02890625 0.06171875
12 0.76640625 0.375 0.02890625 0.05703125
6 0.8265625 0.37421875 0.028125 0.059375
12 0.884375 0.371875 0.02578125 0.05703125
12 0.94296875 0.37265625 0.028125 0.059375
11 0.0671875 0.12421875 0.03203125 0.059375
4 0.1390625 0.12421875 0.028125 0.06015625
11 0.20234375 0.12578125 0.0296875 0.06328125