12 0.45234375 0.884375 0.0328125 0.05390625
8 0.4515625 0.6296875 0.0328125 0.05390625
13 0.3609375 0.628125 0.03515625 0.05078125
13 0.06015625 0.384375 0.03125 0.05625
11 0.125 0.3859375 0.034375 0.059375
12 0.1859375 0.38515625 0.03359375 0.05078125
6 0.2515625 0.3859375 0.03046875 0.05546875
12 0.3140625 0.384375 0.0296875 0.05234375
7 0.37890625 0.38515625 0.0296875 0.05
6 0.52265625 0.384375 0.03515625 0.05234375
7 0.5875 0.3859375 0.02734375 0.05390625
13 0.65 0.384375 0.0359375 0.06171875
6 0.71484375 0.3859375 0.03515625 0.05546875
12 0.77734375 0.38671875 0.03828125 0.053125
12 0.84140625 0.38515625 0.03671875 0.05390625
12 0.90625 0.38125 0.0453125 0.06640625
11 0.33984375 0.14375 0.03359375 0.05625
10 0.4171875 0.1421875 0.03359375 0.06171875
11 0.484375 0.14375 0.03359375 0.05859375
10 0.5640625 0.14453125 0.03984375 0.06015625