12 0.43515625 0.9125 0.0421875 0.0609375
7 0.30859375 0.62734375 0.04375 0.0609375
8 0.4375 0.625 0.04375 0.0609375
12 0.56640625 0.6265625 0.0390625 0.05703125
12 0.65546875 0.6265625 0.0390625 0.0578125
6 0.74375 0.628125 0.04609375 0.06015625
12 0.83125 0.6265625 0.04375 0.059375
6 0.91953125 0.6265625 0.0421875 0.0640625
11 0.06640625 0.3546875 0.04921875 0.06640625
11 0.15703125 0.35234375 0.04765625 0.06953125
12 0.24453125 0.35625 0.0453125 0.05859375
5 0.334375 0.353125 0.05078125 0.0640625
4 0.53984375 0.353125 0.04609375 0.06875
11 0.62890625 0.35390625 0.04296875 0.06953125
11 0.2796875 0.08046875 0.04140625 0.06640625
10 0.38984375 0.08125 0.04375 0.06796875
13 0.4828125 0.07734375 0.03671875 0.0640625
10 0.59453125 0.08203125 0.040625 0.06953125