13 0.35078125 0.90703125 0.0390625 0.059375
13 0.22265625 0.61796875 0.03828125 0.059375
8 0.35234375 0.61953125 0.04296875 0.0609375
12 0.48046875 0.61484375 0.04375 0.06015625
12 0.5703125 0.61640625 0.04140625 0.0609375
10 0.07109375 0.34140625 0.0484375 0.0703125
10 0.1609375 0.3421875 0.04921875 0.0703125
7 0.24765625 0.33984375 0.0375 0.06015625
1 0.453125 0.3421875 0.046875 0.06953125
7 0.54296875 0.33984375 0.040625 0.05859375
7 0.63125 0.340625 0.0390625 0.06015625
6 0.72109375 0.34140625 0.040625 0.0609375
6 0.809375 0.340625 0.04453125 0.05859375
6 0.9 0.3421875 0.040625 0.0640625
12 0.509375 0.06640625 0.0390625 0.05703125
11 0.39921875 0.06484375 0.04453125 0.06640625
10 0.30625 0.065625 0.046875 0.07265625
11 0.1953125 0.065625 0.05 0.06875