7 0.0890625 0.6703125 0.04765625 0.05625
12 0.3921875 0.93203125 0.03515625 0.05234375
7 0.371875 0.8328125 0.03515625 0.053125
6 0.46484375 0.8328125 0.05078125 0.05625
13 0.58046875 0.834375 0.04375 0.05546875
13 0.6703125 0.834375 0.040625 0.0515625
12 0.75625 0.8328125 0.03984375 0.0515625
13 0.87265625 0.834375 0.04375 0.04921875
12 0.87421875 0.6703125 0.04765625 0.059375
6 0.67109375 0.66953125 0.05 0.053125
11 0.20234375 0.359375 0.04921875 0.059375
5 0.28828125 0.3578125 0.046875 0.06171875
6 0.4953125 0.35625 0.04765625 0.0546875
6 0.584375 0.3546875 0.0453125 0.0625
13 0.67421875 0.3546875 0.03984375 0.05703125
11 0.23515625 0.1109375 0.04765625 0.0625
10 0.34453125 0.11171875 0.04765625 0.0625
5 0.4390625 0.1109375 0.046875 0.059375
10 0.5515625 0.1109375 0.05 0.0625