13 0.15 0.85625 0.03984375 0.07265625
13 0.24765625 0.85390625 0.04296875 0.07734375
9 0.39140625 0.85546875 0.04453125 0.07734375
10 0.084375 0.4953125 0.05234375 0.09140625
11 0.1796875 0.49453125 0.04765625 0.0890625
7 0.27578125 0.490625 0.03984375 0.0828125
12 0.503125 0.4875 0.0421875 0.08671875
12 0.6015625 0.4921875 0.04609375 0.08515625
12 0.70078125 0.49453125 0.04375 0.08203125
13 0.79765625 0.49375 0.04296875 0.08203125
13 0.8953125 0.48984375 0.0375 0.084375
11 0.21953125 0.13359375 0.0515625 0.08984375
10 0.340625 0.13359375 0.0484375 0.09140625
11 0.44453125 0.134375 0.0484375 0.09140625
10 0.56640625 0.1359375 0.046875 0.0921875