13 0.47890625 0.91484375 0.05390625 0.06328125
13 0.5984375 0.91640625 0.053125 0.0625
12 0.71484375 0.91484375 0.05703125 0.06171875
13 0.06953125 0.62109375 0.053125 0.06171875
13 0.18984375 0.6203125 0.05703125 0.0625
13 0.31015625 0.621875 0.0640625 0.06328125
13 0.421875 0.62265625 0.0578125 0.05859375
9 0.59921875 0.62265625 0.0578125 0.06171875
12 0.76796875 0.62265625 0.059375 0.06328125
12 0.8890625 0.62265625 0.059375 0.0625
11 0.46171875 0.34296875 0.0671875 0.06640625
10 0.734375 0.34453125 0.0671875 0.06796875
11 0.3890625 0.065625 0.06328125 0.0703125
10 0.53515625 0.065625 0.06328125 0.06875
11 0.6609375 0.065625 0.059375 0.0703125
10 0.8078125 0.06640625 0.06875 0.06796875