13 0.571875 0.80546875 0.028125 0.0765625
9 0.6453125 0.81015625 0.025 0.06953125
12 0.715625 0.809375 0.02421875 0.0765625
12 0.765625 0.80703125 0.02421875 0.07890625
5 0.04609375 0.4828125 0.025 0.07890625
11 0.09609375 0.48515625 0.0296875 0.08359375
13 0.14375 0.47890625 0.02734375 0.0859375
13 0.19453125 0.4765625 0.028125 0.08359375
12 0.24296875 0.4828125 0.021875 0.08125
12 0.29375 0.48046875 0.02734375 0.07890625
12 0.34296875 0.4734375 0.02734375 0.08828125
12 0.38984375 0.478125 0.0265625 0.0765625
12 0.4390625 0.48046875 0.0265625 0.08125
12 0.4890625 0.4765625 0.025 0.09296875
12 0.53828125 0.47578125 0.02421875 0.08828125
11 0.58984375 0.48125 0.0296875 0.0765625
4 0.70234375 0.48515625 0.0375 0.08125
11 0.7515625 0.4828125 0.028125 0.08125
11 0.8 0.48359375 0.0296875 0.08359375
13 0.84921875 0.4828125 0.02578125 0.07421875
11 0.8984375 0.4828125 0.03125 0.07890625
11 0.9484375 0.4828125 0.03046875 0.07890625
11 0.5578125 0.15546875 0.0296875 0.08125
11 0.61953125 0.15703125 0.028125 0.08359375
11 0.671875 0.15390625 0.028125 0.08125
10 0.73203125 0.15703125 0.03203125 0.07890625