13 0.4078125 0.86484375 0.05390625 0.08671875
13 0.0765625 0.5046875 0.06875 0.08671875
12 0.1921875 0.50234375 0.07890625 0.090625
13 0.44375 0.5046875 0.05546875 0.071875
6 0.321875 0.5015625 0.075 0.090625
7 0.36640625 0.1484375 0.04921875 0.07265625
4 0.51875 0.1515625 0.07734375 0.0890625
5 0.6453125 0.1515625 0.0796875 0.08828125
6 0.79765625 0.14765625 0.06328125 0.078125
6 0.721875 0.50546875 0.05703125 0.08203125
12 0.83671875 0.50859375 0.06875 0.078125
2 0.58125 0.86171875 0.07890625 0.08046875