13 0.43359375 0.93203125 0.071875 0.06171875
8 0.4328125 0.6359375 0.0859375 0.06484375
12 0.640625 0.6328125 0.07109375 0.06015625
5 0.12265625 0.35234375 0.08046875 0.0703125
7 0.2625 0.35 0.06796875 0.06484375
4 0.6015625 0.35078125 0.078125 0.0703125
6 0.7390625 0.35 0.08359375 0.06640625
7 0.8859375 0.3484375 0.08046875 0.07109375
4 0.17578125 0.06796875 0.07734375 0.07109375
4 0.3546875 0.06875 0.08984375 0.07265625
5 0.50625 0.0671875 0.06796875 0.06875
4 0.6890625 0.06640625 0.08125 0.0703125