7 0.09609375 0.90625 0.04140625 0.0546875
13 0.096875 0.71953125 0.04296875 0.05859375
13 0.1984375 0.7203125 0.04921875 0.05703125
13 0.30078125 0.72109375 0.0421875 0.05703125
13 0.40546875 0.7203125 0.04375 0.06328125
9 0.55234375 0.71953125 0.040625 0.059375
12 0.6984375 0.71875 0.04453125 0.065625
12 0.80078125 0.71953125 0.0453125 0.06484375
12 0.90390625 0.71875 0.04375 0.0609375
11 0.434375 0.3609375 0.04921875 0.06953125
4 0.66953125 0.36015625 0.04609375 0.07109375
11 0.371875 0.07578125 0.0515625 0.0703125
10 0.496875 0.07578125 0.04921875 0.07109375
11 0.60546875 0.07578125 0.046875 0.07109375
4 0.7328125 0.075 0.05390625 0.07109375