13 0.4453125 0.76171875 0.0359375 0.06875
8 0.546875 0.76015625 0.0375 0.0703125
12 0.64921875 0.759375 0.0359375 0.0703125
12 0.71875 0.75703125 0.0453125 0.07578125
7 0.04609375 0.43828125 0.040625 0.0734375
13 0.11484375 0.4421875 0.02890625 0.06875
13 0.18203125 0.44140625 0.04296875 0.07265625
6 0.25390625 0.44140625 0.03515625 0.0734375
6 0.32578125 0.440625 0.03515625 0.07109375
12 0.3953125 0.4421875 0.03359375 0.0734375
13 0.46484375 0.4375 0.03984375 0.07578125
12 0.628125 0.43515625 0.0375 0.08828125
13 0.69921875 0.43984375 0.03671875 0.075
6 0.76875 0.44140625 0.0390625 0.07265625
6 0.8375 0.43984375 0.03828125 0.0734375
12 0.90703125 0.43984375 0.03671875 0.0734375
5 0.42265625 0.12578125 0.03359375 0.078125
4 0.5109375 0.12578125 0.0375 0.078125
6 0.671875 0.1203125 0.03203125 0.078125