7 0.478125 0.88671875 0.03359375 0.0546875
13 0.53515625 0.88828125 0.03515625 0.04765625
12 0.5984375 0.88828125 0.03046875 0.05078125
13 0.33046875 0.63984375 0.03046875 0.05859375
13 0.3875 0.6453125 0.0375 0.05234375
13 0.45078125 0.64296875 0.03046875 0.05234375
14 0.5375 0.6453125 0.03515625 0.05
12 0.62421875 0.64609375 0.03515625 0.05546875
12 0.68515625 0.64296875 0.03203125 0.053125
10 0.04609375 0.4140625 0.0359375 0.0578125
12 0.10859375 0.4109375 0.03203125 0.06328125
12 0.16875 0.4125 0.03671875 0.05546875
13 0.22890625 0.41015625 0.02890625 0.0578125
13 0.2890625 0.409375 0.03203125 0.05703125
13 0.34921875 0.4125 0.03203125 0.05234375
11 0.40859375 0.41484375 0.02890625 0.05546875
7 0.46875 0.41015625 0.03125 0.06015625
12 0.6078125 0.4140625 0.03046875 0.05546875
12 0.66640625 0.4125 0.02890625 0.05546875
12 0.72734375 0.4109375 0.03125 0.05859375
13 0.7875 0.4109375 0.02890625 0.0546875
13 0.84765625 0.41015625 0.0296875 0.0578125
7 0.9078125 0.4125 0.03671875 0.05546875
11 0.4328125 0.18359375 0.03671875 0.06015625
11 0.57109375 0.18359375 0.03203125 0.0546875
10 0.5078125 0.18359375 0.034375 0.0578125
10 0.64609375 0.1828125 0.0421875 0.05703125