13 0.30078125 0.921875 0.03125 0.06171875
13 0.3625 0.92109375 0.0296875 0.05625
13 0.425 0.92109375 0.0296875 0.05859375
7 0.21015625 0.6453125 0.03125 0.05625
13 0.271875 0.64296875 0.0296875 0.059375
8 0.3640625 0.6453125 0.03125 0.06171875
9 0.04453125 0.38359375 0.03203125 0.06640625
5 0.10625 0.384375 0.03203125 0.06328125
5 0.16875 0.384375 0.03125 0.06640625
4 0.23046875 0.38671875 0.03203125 0.06796875
5 0.2921875 0.38359375 0.03046875 0.0640625
6 0.4328125 0.38359375 0.02890625 0.059375
11 0.49609375 0.384375 0.03046875 0.06640625
7 0.5578125 0.384375 0.02890625 0.05625
13 0.61875 0.38125 0.02890625 0.059375
4 0.68046875 0.384375 0.0296875 0.06484375
7 0.74375 0.384375 0.02890625 0.0546875
12 0.80546875 0.38125 0.02734375 0.06328125
4 0.86796875 0.38515625 0.03203125 0.06640625
6 0.928125 0.38046875 0.0265625 0.06484375
11 0.25390625 0.12109375 0.03125 0.06640625
10 0.3296875 0.12109375 0.02890625 0.0640625
11 0.3953125 0.12109375 0.02890625 0.06640625
4 0.47265625 0.12109375 0.0328125 0.0640625