13 0.5171875 0.91015625 0.0453125 0.05859375
12 0.615625 0.91171875 0.04609375 0.05859375
13 0.425 0.6203125 0.0484375 0.06328125
8 0.5671875 0.61953125 0.05546875 0.05859375
12 0.71015625 0.61953125 0.04921875 0.05859375
6 0.80625 0.62109375 0.04375 0.06171875
10 0.90625 0.6203125 0.04609375 0.06640625
11 0.0640625 0.34375 0.0484375 0.06875
11 0.1640625 0.34609375 0.053125 0.06953125
10 0.2609375 0.34453125 0.0546875 0.07109375
10 0.35703125 0.34375 0.04921875 0.06953125
5 0.45625 0.3453125 0.0453125 0.06875
12 0.68046875 0.340625 0.04921875 0.065625
11 0.77734375 0.34453125 0.04609375 0.07109375
11 0.39609375 0.06875 0.046875 0.06875
10 0.5171875 0.06796875 0.04765625 0.06953125
11 0.6203125 0.06953125 0.0484375 0.06953125
10 0.7421875 0.06875 0.0546875 0.07265625