12 0.4578125 0.9125 0.0625 0.06171875
13 0.1234375 0.62265625 0.0625 0.06171875
13 0.2609375 0.62578125 0.071875 0.059375
8 0.45703125 0.62421875 0.06484375 0.0578125
12 0.65234375 0.62421875 0.06875 0.0640625
9 0.303125 0.3546875 0.07265625 0.06875
6 0.61171875 0.35390625 0.06171875 0.059375
6 0.74453125 0.35390625 0.06484375 0.059375
6 0.87890625 0.353125 0.0625 0.06953125
11 0.21875 0.0828125 0.065625 0.06875
10 0.3875 0.0828125 0.071875 0.06953125
11 0.528125 0.08203125 0.071875 0.06484375
10 0.69609375 0.0828125 0.06953125 0.06875