13 0.4703125 0.91328125 0.06171875 0.0609375
13 0.5890625 0.9109375 0.06328125 0.0609375
12 0.71484375 0.91328125 0.05703125 0.06328125
9 0.59453125 0.634375 0.05859375 0.0609375
13 0.41328125 0.63359375 0.05859375 0.059375
12 0.765625 0.63359375 0.07578125 0.06015625
10 0.08671875 0.37265625 0.07890625 0.065625
10 0.21015625 0.3703125 0.0953125 0.065625
11 0.334375 0.37109375 0.075 0.0640625
11 0.4515625 0.37109375 0.0640625 0.065625
12 0.72734375 0.36953125 0.07890625 0.06015625
12 0.8515625 0.36796875 0.071875 0.065625
11 0.375 0.10625 0.075 0.065625
10 0.5296875 0.10703125 0.0765625 0.065625
11 0.65703125 0.10625 0.06875 0.065625
10 0.8109375 0.10703125 0.06953125 0.065625