13 0.171875 0.91796875 0.03671875 0.06015625
13 0.2546875 0.91640625 0.03515625 0.05625
13 0.0953125 0.6328125 0.0375 0.05703125
8 0.21484375 0.6328125 0.0421875 0.0578125
12 0.33125 0.63359375 0.03984375 0.05703125
7 0.1203125 0.36484375 0.0375 0.05703125
6 0.30703125 0.365625 0.03984375 0.05625
6 0.390625 0.36484375 0.03828125 0.0609375
10 0.4734375 0.365625 0.0421875 0.0671875
12 0.55546875 0.36328125 0.03203125 0.06015625
5 0.6390625 0.365625 0.04453125 0.06484375
7 0.71796875 0.3640625 0.040625 0.059375
7 0.80234375 0.3671875 0.03125 0.059375
13 0.884375 0.365625 0.0375 0.05625
13 0.06796875 0.09453125 0.03515625 0.0625
12 0.1703125 0.09140625 0.04296875 0.0625
11 0.25859375 0.096875 0.0421875 0.06875
10 0.359375 0.0984375 0.0421875 0.0671875