3 0.48203125 0.8109375 0.034375 0.07578125
12 0.60078125 0.81328125 0.03671875 0.08046875
11 0.059375 0.4640625 0.04296875 0.08515625
11 0.14375 0.46328125 0.04453125 0.08671875
12 0.22265625 0.46015625 0.0375 0.08515625
12 0.30703125 0.4609375 0.0421875 0.0765625
5 0.38828125 0.46484375 0.04375 0.08671875
12 0.5765625 0.459375 0.03515625 0.08046875
12 0.659375 0.4609375 0.0421875 0.08046875
12 0.740625 0.4625 0.0375 0.08515625
12 0.8234375 0.4625 0.04453125 0.0765625
13 0.90703125 0.46015625 0.0453125 0.08125
11 0.33671875 0.11484375 0.03984375 0.08046875
10 0.43984375 0.115625 0.04765625 0.08515625
11 0.525 0.11640625 0.03828125 0.08671875
12 0.628125 0.11484375 0.040625 0.08984375