13 0.54296875 0.8171875 0.02421875 0.046875
13 0.603125 0.81875 0.02578125 0.046875
9 0.5734375 0.5921875 0.02421875 0.0453125
13 0.4890625 0.5921875 0.021875 0.0484375
7 0.040625 0.37890625 0.025 0.04296875
13 0.09921875 0.37578125 0.02890625 0.0578125
7 0.15625 0.3765625 0.025 0.04921875
12 0.2140625 0.37578125 0.0296875 0.05234375
6 0.27265625 0.37734375 0.02890625 0.05
12 0.33046875 0.3765625 0.02734375 0.0515625
12 0.3890625 0.378125 0.02734375 0.0484375
12 0.446875 0.3765625 0.0296875 0.0484375
5 0.50703125 0.37890625 0.03046875 0.05390625
6 0.63984375 0.37890625 0.0265625 0.0484375
11 0.69921875 0.37890625 0.0296875 0.05390625
7 0.75625 0.38046875 0.02734375 0.04453125
12 0.81328125 0.37734375 0.03125 0.05
6 0.87265625 0.378125 0.028125 0.04921875
12 0.93125 0.3765625 0.0265625 0.046875
11 0.47109375 0.16640625 0.03125 0.053125
10 0.54296875 0.165625 0.03203125 0.053125
11 0.60390625 0.165625 0.02890625 0.05546875
4 0.67734375 0.165625 0.03359375 0.0515625