12 0.29609375 0.89140625 0.04609375 0.065625
13 0.159375 0.61015625 0.040625 0.05546875
9 0.2953125 0.61328125 0.0390625 0.0546875
12 0.43359375 0.6109375 0.04453125 0.06484375
10 0.0921875 0.34453125 0.05 0.0671875
5 0.1859375 0.3453125 0.04609375 0.06484375
12 0.40703125 0.34453125 0.04375 0.05703125
12 0.5 0.34140625 0.040625 0.0625
12 0.5953125 0.3421875 0.04375 0.06484375
6 0.6921875 0.3421875 0.0484375 0.0703125
12 0.78828125 0.34140625 0.046875 0.0625
13 0.88125 0.34140625 0.040625 0.06015625
11 0.128125 0.078125 0.05078125 0.065625
10 0.2484375 0.078125 0.05 0.065625
11 0.346875 0.078125 0.04609375 0.06953125
10 0.465625 0.078125 0.05 0.06640625