12 0.25390625 0.8265625 0.01875 0.04765625
9 0.2546875 0.61171875 0.015625 0.04609375
13 0.20546875 0.6109375 0.0171875 0.03984375
12 0.0765625 0.50390625 0.02109375 0.05234375
13 0.04140625 0.353125 0.0171875 0.04453125
13 0.07578125 0.3546875 0.0171875 0.04140625
12 0.109375 0.35234375 0.015625 0.05078125
7 0.14375 0.35234375 0.015625 0.04453125
6 0.22265625 0.35390625 0.01640625 0.04921875
6 0.2828125 0.5015625 0.0171875 0.05078125
13 0.3171875 0.50234375 0.0140625 0.04609375
13 0.35078125 0.50390625 0.01484375 0.03984375
13 0.384375 0.50390625 0.0171875 0.04453125
13 0.41875 0.50390625 0.015625 0.04296875
0 0.45234375 0.50234375 0.01953125 0.0578125
12 0.48671875 0.50234375 0.015625 0.04765625
12 0.5203125 0.5015625 0.0171875 0.04609375
12 0.5546875 0.503125 0.01640625 0.04296875
13 0.5984375 0.50234375 0.0171875 0.04765625
13 0.6328125 0.50546875 0.01640625 0.04453125
13 0.665625 0.5015625 0.0171875 0.04765625
0 0.7015625 0.503125 0.021875 0.0546875
12 0.74453125 0.50234375 0.015625 0.05234375
12 0.77890625 0.50390625 0.01640625 0.04296875
12 0.8125 0.50390625 0.0234375 0.04296875
13 0.85546875 0.50078125 0.01640625 0.04765625
13 0.88984375 0.50078125 0.01953125 0.05234375
12 0.9234375 0.5015625 0.01875 0.05234375
12 0.95703125 0.50234375 0.01796875 0.05078125
13 0.90703125 0.34765625 0.0171875 0.0578125
5 0.778125 0.35546875 0.02109375 0.04921875
13 0.64921875 0.35234375 0.01875 0.04921875
12 0.41796875 0.3515625 0.02109375 0.05234375
11 0.1234375 0.15078125 0.02109375 0.05078125
10 0.1640625 0.1515625 0.01953125 0.05078125
11 0.20078125 0.15234375 0.01796875 0.05078125
10 0.24296875 0.1515625 0.02109375 0.05078125