13 0.2515625 0.90078125 0.053125 0.05703125
12 0.37734375 0.90390625 0.05703125 0.0609375
13 0.13515625 0.6140625 0.0625 0.05859375
9 0.315625 0.61171875 0.0546875 0.0609375
12 0.4953125 0.61171875 0.059375 0.0609375
12 0.61796875 0.61171875 0.0546875 0.06171875
12 0.74296875 0.6125 0.0640625 0.06171875
12 0.8671875 0.61328125 0.0671875 0.0609375
11 0.1734375 0.3390625 0.0640625 0.06640625
6 0.45703125 0.33671875 0.05703125 0.0609375
11 0.0984375 0.06328125 0.06796875 0.06953125
10 0.2515625 0.06328125 0.0640625 0.06953125
11 0.3828125 0.06328125 0.059375 0.06875
10 0.53515625 0.0640625 0.0640625 0.06875