13 0.403125 0.83203125 0.0421875 0.05546875
12 0.490625 0.8328125 0.040625 0.05625
13 0.31640625 0.5640625 0.03671875 0.0546875
8 0.44765625 0.565625 0.04140625 0.05546875
12 0.578125 0.5671875 0.0453125 0.05546875
12 0.6671875 0.56484375 0.04375 0.0546875
12 0.7546875 0.5640625 0.0484375 0.05234375
12 0.84453125 0.565625 0.0484375 0.0578125
12 0.934375 0.565625 0.0453125 0.05859375
5 0.078125 0.3125 0.046875 0.06328125
5 0.1671875 0.3109375 0.04140625 0.0625
11 0.25625 0.31171875 0.046875 0.0640625
5 0.3453125 0.31171875 0.04609375 0.06328125
6 0.55078125 0.3109375 0.04296875 0.05625
4 0.64140625 0.31171875 0.0484375 0.06328125
6 0.72890625 0.31015625 0.03984375 0.05625
6 0.821875 0.31015625 0.0484375 0.05390625
11 0.28984375 0.05625 0.03984375 0.06015625
10 0.40078125 0.0578125 0.0453125 0.0640625
11 0.49453125 0.0578125 0.040625 0.0625
10 0.60625 0.0578125 0.0453125 0.0625