13 0.32578125 0.79296875 0.040625 0.06484375
8 0.46640625 0.7921875 0.05 0.07265625
12 0.6046875 0.79296875 0.04609375 0.0671875
12 0.7 0.79453125 0.04296875 0.07265625
7 0.0640625 0.46796875 0.046875 0.06640625
12 0.1609375 0.46875 0.040625 0.07578125
12 0.26171875 0.46953125 0.04921875 0.07421875
7 0.35390625 0.471875 0.04609375 0.0671875
7 0.57734375 0.46875 0.04921875 0.07109375
13 0.66796875 0.4671875 0.05625 0.0734375
12 0.76953125 0.4671875 0.04609375 0.07734375
12 0.8625 0.4703125 0.05390625 0.0765625
11 0.29609375 0.146875 0.046875 0.0796875
4 0.4140625 0.14921875 0.046875 0.08046875
11 0.5171875 0.1484375 0.04921875 0.0796875
4 0.634375 0.14765625 0.04921875 0.0796875