9 0.48125 0.78125 0.021875 0.06171875
13 0.04453125 0.46484375 0.02265625 0.06796875
13 0.0984375 0.46796875 0.021875 0.06328125
13 0.15078125 0.46640625 0.021875 0.07265625
13 0.20625 0.46875 0.02578125 0.06484375
13 0.25859375 0.46875 0.02578125 0.06953125
12 0.3125 0.46953125 0.0234375 0.06640625
12 0.3671875 0.46875 0.02265625 0.06640625
7 0.4203125 0.46875 0.02421875 0.06640625
12 0.54296875 0.46796875 0.03046875 0.07109375
13 0.596875 0.46796875 0.0203125 0.06796875
4 0.6515625 0.4703125 0.02734375 0.07734375
12 0.70390625 0.4671875 0.02265625 0.07109375
12 0.7578125 0.465625 0.02734375 0.07578125
13 0.81171875 0.46875 0.02421875 0.06796875
13 0.865625 0.46796875 0.021875 0.06953125
13 0.91796875 0.4671875 0.02421875 0.06484375
5 0.38828125 0.15703125 0.0265625 0.07421875
6 0.453125 0.15625 0.0296875 0.07265625
7 0.509375 0.1484375 0.0265625 0.08515625
6 0.57734375 0.1515625 0.0296875 0.08515625