13 0.30625 0.846875 0.0390625 0.07578125
9 0.44296875 0.84921875 0.03984375 0.0734375
12 0.05234375 0.48359375 0.046875 0.0828125
12 0.14609375 0.48125 0.040625 0.07890625
10 0.2421875 0.48515625 0.04765625 0.090625
7 0.3328125 0.48203125 0.03828125 0.07421875
12 0.54921875 0.484375 0.040625 0.0765625
12 0.6421875 0.48359375 0.0421875 0.07890625
13 0.73671875 0.48203125 0.04375 0.07578125
5 0.83125 0.4859375 0.04453125 0.09140625
5 0.92421875 0.4859375 0.04375 0.08828125
13 0.27578125 0.11953125 0.0421875 0.08046875
10 0.3921875 0.12109375 0.04453125 0.09140625
11 0.4921875 0.12109375 0.04375 0.09140625
10 0.60859375 0.1203125 0.046875 0.09140625