12 0.51484375 0.85234375 0.04140625 0.05703125
12 0.6421875 0.5890625 0.046875 0.05546875
12 0.725 0.58828125 0.05234375 0.0578125
8 0.51640625 0.5890625 0.04453125 0.05703125
6 0.0703125 0.3390625 0.0484375 0.05859375
5 0.15859375 0.340625 0.0421875 0.0609375
13 0.24453125 0.33828125 0.03984375 0.05703125
7 0.33046875 0.33203125 0.05078125 0.065625
13 0.415625 0.334375 0.0453125 0.0578125
6 0.6140625 0.33671875 0.04453125 0.0609375
13 0.7015625 0.3375 0.04375 0.05625
12 0.78828125 0.33671875 0.03984375 0.0625
6 0.87421875 0.3375 0.0375 0.059375
5 0.36328125 0.08984375 0.046875 0.06328125
4 0.47109375 0.08984375 0.04375 0.0625
5 0.5625 0.0890625 0.03984375 0.059375
4 0.66875 0.08984375 0.04375 0.0640625