13 0.640625 0.81328125 0.0359375 0.0515625
12 0.71640625 0.81484375 0.0328125 0.0546875
13 0.5703125 0.56953125 0.0375 0.04765625
13 0.67890625 0.5703125 0.0328125 0.0484375
12 0.7859375 0.57109375 0.03984375 0.05
13 0.0796875 0.3390625 0.0328125 0.05234375
13 0.153125 0.34140625 0.0359375 0.05546875
7 0.225 0.3390625 0.0375 0.0515625
13 0.30078125 0.33828125 0.04140625 0.05078125
7 0.37421875 0.3421875 0.0328125 0.053125
12 0.44765625 0.340625 0.0328125 0.05546875
12 0.521875 0.3390625 0.0375 0.0609375
7 0.59453125 0.340625 0.03203125 0.05
12 0.809375 0.109375 0.03671875 0.06484375
13 0.7171875 0.11015625 0.04609375 0.0546875
11 0.5515625 0.1125 0.0359375 0.0578125
10 0.640625 0.1125 0.0359375 0.0578125