12 0.446875 0.84609375 0.05390625 0.05546875
12 0.56015625 0.84765625 0.0578125 0.0546875
7 0.10625 0.5734375 0.04921875 0.059375
6 0.221875 0.5765625 0.046875 0.05546875
5 0.3375 0.57578125 0.059375 0.0640625
8 0.503125 0.57578125 0.0578125 0.05390625
4 0.67109375 0.57734375 0.05859375 0.0640625
12 0.78359375 0.57421875 0.05390625 0.0578125
5 0.3734375 0.31875 0.06171875 0.06484375
6 0.6328125 0.31796875 0.05390625 0.05234375
7 0.7484375 0.31796875 0.05234375 0.05859375
12 0.8671875 0.3171875 0.065625 0.06015625
11 0.30078125 0.06015625 0.05546875 0.0625
10 0.44375 0.0609375 0.059375 0.0640625
11 0.5640625 0.059375 0.06015625 0.0609375
10 0.70625 0.0609375 0.06015625 0.0640625