9 0.27734375 0.778125 0.03046875 0.0671875
12 0.375 0.77890625 0.03046875 0.06953125
7 0.06875 0.47109375 0.025 0.06640625
7 0.134375 0.47109375 0.02890625 0.06796875
7 0.20234375 0.47265625 0.0296875 0.0671875
12 0.35546875 0.47421875 0.02890625 0.06640625
6 0.421875 0.471875 0.03046875 0.0734375
6 0.48828125 0.4703125 0.0328125 0.0734375
11 0.5546875 0.4734375 0.03046875 0.07421875
5 0.621875 0.47578125 0.0328125 0.07578125
13 0.68828125 0.47421875 0.0296875 0.0640625
13 0.75390625 0.4734375 0.0265625 0.0625
11 0.821875 0.47265625 0.0328125 0.0734375
7 0.8875 0.4734375 0.03046875 0.0671875
12 0.953125 0.4671875 0.03046875 0.0765625
5 0.1625 0.16796875 0.0375 0.0734375
4 0.24375 0.16875 0.03046875 0.0765625
11 0.315625 0.16875 0.0328125 0.0765625
4 0.39765625 0.16953125 0.03671875 0.07578125