13 0.371875 0.88125 0.04296875 0.0578125
13 0.4671875 0.8828125 0.03984375 0.05390625
13 0.5578125 0.8828125 0.04296875 0.06015625
13 0.33046875 0.6078125 0.0453125 0.05390625
9 0.465625 0.60546875 0.0359375 0.0609375
11 0.078125 0.3453125 0.04609375 0.06640625
13 0.16953125 0.34296875 0.0421875 0.0578125
13 0.26171875 0.34140625 0.046875 0.06015625
5 0.359375 0.3453125 0.0453125 0.06640625
4 0.5734375 0.34453125 0.0515625 0.0625
11 0.66640625 0.34453125 0.0484375 0.0640625
12 0.759375 0.34609375 0.0421875 0.06015625
10 0.85703125 0.3453125 0.059375 0.06484375
11 0.30078125 0.08203125 0.0484375 0.06328125
10 0.41796875 0.08359375 0.0484375 0.0671875
11 0.51796875 0.0828125 0.04921875 0.0640625
10 0.6328125 0.08203125 0.0484375 0.06640625