7 0.4484375 0.90234375 0.07265625 0.0640625
7 0.60546875 0.90234375 0.0671875 0.0578125
13 0.13984375 0.61171875 0.06328125 0.0578125
13 0.29453125 0.61171875 0.0734375 0.05703125
8 0.52578125 0.61015625 0.0671875 0.0609375
12 0.75390625 0.61171875 0.07734375 0.05859375
13 0.34296875 0.3328125 0.06875 0.06328125
4 0.709375 0.3359375 0.08828125 0.06953125
11 0.2484375 0.05859375 0.078125 0.06796875
10 0.44375 0.06015625 0.07734375 0.06796875
11 0.6109375 0.06015625 0.0796875 0.06796875
10 0.80390625 0.0609375 0.075 0.06953125