13 0.08125 0.8234375 0.06640625 0.0796875
13 0.21796875 0.82109375 0.06015625 0.078125
13 0.35546875 0.82109375 0.05546875 0.08515625
8 0.55546875 0.82265625 0.06328125 0.0796875
12 0.753125 0.8234375 0.0578125 0.0796875
12 0.8890625 0.82109375 0.06640625 0.08984375
7 0.396875 0.45 0.059375 0.08203125
12 0.71171875 0.45 0.06796875 0.08203125
11 0.3125 0.07890625 0.06796875 0.09375
10 0.48125 0.08046875 0.0703125 0.09609375
11 0.6265625 0.0796875 0.0734375 0.08984375
10 0.7953125 0.0796875 0.07109375 0.09375