13 0.3484375 0.865625 0.0359375 0.05703125
12 0.43359375 0.86484375 0.03984375 0.05625
12 0.5234375 0.86640625 0.03984375 0.05546875
9 0.4359375 0.59765625 0.0375 0.05546875
13 0.31015625 0.59609375 0.03671875 0.05546875
13 0.22421875 0.5953125 0.03828125 0.05234375
13 0.07890625 0.33984375 0.04453125 0.05625
13 0.16328125 0.3375 0.0421875 0.05703125
10 0.25 0.34296875 0.0484375 0.0625
11 0.3359375 0.34140625 0.04453125 0.0640625
12 0.534375 0.3421875 0.04296875 0.05546875
12 0.61875 0.340625 0.04609375 0.05703125
12 0.70546875 0.3359375 0.046875 0.0625
13 0.79453125 0.33984375 0.04296875 0.05625
13 0.88125 0.340625 0.04375 0.05546875
11 0.28359375 0.0859375 0.04296875 0.0625
10 0.38984375 0.0859375 0.04375 0.0640625
11 0.48125 0.08515625 0.03984375 0.06640625
10 0.5890625 0.0859375 0.03984375 0.0625