7 0.4609375 0.8421875 0.02734375 0.05078125
12 0.53046875 0.84296875 0.0296875 0.0484375
5 0.04921875 0.59453125 0.03515625 0.05625
5 0.11796875 0.59609375 0.0328125 0.0578125
13 0.1859375 0.59453125 0.02890625 0.05
5 0.25625 0.59453125 0.03125 0.05703125
5 0.32578125 0.5953125 0.03359375 0.05859375
7 0.39453125 0.59453125 0.02734375 0.0484375
8 0.496875 0.59375 0.03359375 0.05078125
4 0.59765625 0.59453125 0.03515625 0.05703125
4 0.665625 0.5953125 0.0390625 0.0578125
12 0.7375 0.5953125 0.03125 0.0546875
12 0.80625 0.59453125 0.02734375 0.05546875
12 0.87578125 0.59375 0.0359375 0.0515625
12 0.94375 0.59296875 0.03125 0.05390625
11 0.1390625 0.3578125 0.034375 0.05703125
10 0.2109375 0.36015625 0.0421875 0.05859375
11 0.278125 0.35859375 0.0359375 0.05703125
10 0.3484375 0.35859375 0.0390625 0.05859375
5 0.41796875 0.35859375 0.0390625 0.05703125
4 0.5765625 0.35859375 0.03515625 0.05625
11 0.64609375 0.35859375 0.03515625 0.0578125
11 0.71640625 0.36015625 0.0375 0.059375
11 0.78359375 0.3578125 0.0375 0.0578125
11 0.85390625 0.36015625 0.03125 0.05703125
11 0.92421875 0.35859375 0.03671875 0.05703125
11 0.37421875 0.12265625 0.03203125 0.05703125
10 0.459375 0.12265625 0.03515625 0.05703125
11 0.53359375 0.12265625 0.034375 0.05859375
10 0.61875 0.12265625 0.03671875 0.05859375