13 0.49453125 0.84296875 0.05 0.05390625
13 0.62421875 0.8453125 0.05 0.04765625
7 0.109375 0.58203125 0.05078125 0.05234375
7 0.23828125 0.58515625 0.05390625 0.04921875
5 0.37109375 0.58515625 0.0640625 0.06015625
8 0.5578125 0.584375 0.059375 0.05390625
11 0.14765625 0.3375 0.0671875 0.06171875
11 0.27890625 0.33671875 0.0609375 0.06015625
11 0.41015625 0.33671875 0.06796875 0.0625
11 0.3296875 0.0890625 0.0640625 0.06171875
10 0.490625 0.08828125 0.0640625 0.06015625
11 0.6296875 0.0890625 0.06328125 0.06171875
10 0.78984375 0.0890625 0.0640625 0.06015625