13 0.42578125 0.91171875 0.06796875 0.06484375
13 0.57890625 0.9125 0.05859375 0.05625
12 0.72890625 0.9140625 0.0640625 0.06171875
9 0.58046875 0.61875 0.06328125 0.0609375
12 0.796875 0.6203125 0.08046875 0.06015625
10 0.253125 0.33828125 0.075 0.06796875
5 0.40546875 0.33984375 0.07109375 0.071875
4 0.7515625 0.33984375 0.08203125 0.07109375
5 0.31015625 0.059375 0.075 0.06796875
10 0.4984375 0.0578125 0.07109375 0.06953125
13 0.65234375 0.05546875 0.07421875 0.059375
12 0.846875 0.05546875 0.07734375 0.06953125
7 0.1 0.3359375 0.0640625 0.0640625